0.02410230892
0.02404584389
0.02373504231
0.02385979035
0.02393544326
0.02391379387
0.02375606117
0.02376904271
0.02367127638
0.02365513753
0.02372892517
0.02369621684
0.02388082206
0.02342478394
0.02352978898
0.02306780422
0.02472285839
0.02672544886
0.03449594501
0.03172325869
0.03064524026
0.03030313249
0.03214720934
0.02831129434
0.0321665911
0.02980089212
0.02054065585
0.02507891793
0.026787876
0.02333871711
0.02591133138
0.0199166697
0.01786781123
0.02160902228
0.02407441057
0.02105422896
0.02349127257
0.01942663899
0.01716199428
0.0190475003
0.02130138774
0.01955532206
0.0197963099
0.01920326718
0.02271424465
0.01769192868
0.01943336431
0.01843188933
0.02183626633
0.02024775717
0.02050200691
0.02010019821
0.01805054818
0.01890329783
0.02122075661
0.02132190146
0.01771932615
0.02540258441
0.01691675628
0.01726618066
0.0168542037
0.01904128226
0.01779921507
0.01845862386
0.0197725448
0.01400795437
0.0193764109
0.01422854854
0.01511355584
0.01861042245
0.0166054967
0.01743480211
0.01712879219
0.01655501826
0.01553790472
0.01849782899
0.01687687406
0.01596070972
0.01354283934
0.0170675398
0.01494077158
0.01614703978
0.01822090239
0.01737548647
0.01553354287
0.01743112654
0.0140422099
0.01354012217
0.01567969701
0.01476786516
0.01396848286
0.01658579355
0.01730361659
0.01370340557
0.01368229959
0.01740700255
0.01769382893
0.01318791779
0.01431095437
0.01375395585
0.01338171904
0.0132440803
0.0151110544
0.01394350692
0.01253182692
0.01245487072
0.01471701545
0.0161331824
0.01433660714
0.013298183
0.01344841802
0.01331174812
0.01320283594
0.01488805572
0.01361248434
0.01345824148
0.01288427784
0.01210988054
0.01251193189
0.01354603033
0.01180693857
0.01382386722
0.01720093942
0.01679505231
0.01447569563
0.0150753241
0.01497169492
0.01486805266
0.012667089
0.01231690046
0.01121935011
0.0123068673
0.01147642691
0.0129118735
0.01385277122
0.01355066949
0.01413724264
0.01461441295
0.0133765108
0.01604263561
0.01405526258
0.01241930793
0.01180308799
0.013849555
0.01464819747
0.01370538843
0.01317030058
0.01130355312
0.01257863324
0.01540848993
0.01311768121
0.01292422725
0.01420619049
0.01427084085
0.01277850815
0.01271198996
0.01414019832
0.01172478756
0.01250216358
0.01243308618
0.01339083228
0.01170304806
0.01442890504
0.01284865733
0.01309560323
0.01237124328
0.01415695126
0.01403144258
0.0131891979
0.01420529148
0.0140590844
0.01325475995
0.01334505774
0.01136882782
0.01534951739
0.01357259244
0.0136802848
0.01315810289
0.01315472839
0.01197545524
0.01286908744
0.01350026459
0.01329813754
0.01314528557
0.01177441504
0.01150678884
0.01123594034
0.0132161046
0.01271799156
0.01207207377
0.01135386608
0.01229731224
0.01291867786
0.01242630828
0.01010728952
0.01449960365
0.01166619996
0.01357289161
0.01133596237
0.01220440023
0.0116646017
0.01309600365
0.01214536942
0.01123184747
0.01079583414
0.01074051026
0.01207719773
0.01290953189
0.01186231047
0.01269021778
0.0108895607
0.010717108
0.01125726151
0.01230808775
0.01218035327
0.01294687728
0.01440623316
0.0112063945
0.01308286529
0.01096945444
0.01471133159
0.01102943753
0.01193285355
0.01106491347
0.01171005405
0.01198011675
0.01025087695
0.01154045188
0.01213249804
0.01085505045
0.01261511471
0.01052577695
0.01165355843
0.009403744949
0.01119000459
0.009608354069
0.01113543747
0.01240348038
0.01119341866
0.01197213673
0.009470548943
0.01442270467
0.01270874463
0.01068799452
0.01190385302
0.01076949011
0.01248062972
0.01144387657
0.01158311006
0.01239750059
0.01081798474
0.01337561181
0.01088919003
0.01317927436
0.0145953502
0.01191141442
0.01042352572
0.01135384154
0.01065975562
0.01358867578
0.01181168035
0.01175394693
0.01182668332
0.01278111355
0.01119279914
0.01064023647
0.010711693
0.01126136598
0.01230812412
0.01169546997
0.01179668816
0.01204553321
0.0121503562
0.01108654867
0.01196929971
0.01212512268
0.01128062173
0.01222786465
0.0126341512
0.0138515358
0.01551155353
0.0145529177
0.01301569637
0.01170157371
0.01349877603
0.01201712801
0.01213031691
0.01364997705
0.01437537938
0.01482873864
0.01230881148
0.01428725184
0.01202302585
0.01281266917
0.01451615461
0.01366027391
0.01144056308
0.0145681745
0.01685209607
0.01609648626
0.01613123487
0.01931187952
0.01430657188
0.01422203664
0.01633153124
0.01337957031
0.01297667102
0.01268976166
0.01297543037
0.01273213063
0.01274941598
0.01318926272
0.0140658881
0.01142056429
0.01031000026
0.01649586238
0.01161872297
0.01238375729
0.01233952726
0.01253440031
0.01248684619
0.01303362484
0.01425923201
0.01245631762
0.01410861054
0.01329979363
0.01497359411
0.01222059285
0.0145777544
0.01266790945
0.01337987052
0.01452154304
0.01496901654
0.01183167578
0.01271152048
0.0126981315
0.01285955842
0.01285392767
0.01425564272
0.01103599923
0.01204765298
0.01430622587
0.01868526602
0.01897643264
0.01373560105
0.0131263409
0.01173973583
0.01240001625
0.01433672786
0.0142237488
0.01554114722
0.0131318612
0.01480155461
0.0156391063
0.01275283581
0.01500847313
0.0123300179
0.01346137641
0.0136647439
0.0158686513
0.011797665
0.01297377975
0.01402604832
0.01333563012
0.01321131922
0.01476057133
0.01608433258
0.01803661667
0.01546112827
0.01627754038
0.01592735443
0.0136757949
0.01314825355
0.01697633239
0.01580314157
0.01477186562
0.0171921193
0.01423286231
0.01383332702
0.01397412106
0.01763744957
0.01451398951
0.01667982598
0.01811051209
0.01883571548
0.01681485895
0.01523831037
0.01671409977
0.01639536273
0.01606591918
0.01537529866
0.01547701846
0.01522646826
0.01710302605
0.01710278351
0.01874550425
0.01750367016
0.01730424482
0.0176656208
0.01860764436
0.01579209821
0.01802090443
0.02048779595
0.02047384911
0.01826150914
0.01427157954
0.01582685117
0.01498807486
0.0147452433
0.0140035559
0.01848642909
0.01453630973
0.01309237605
0.01388519388
0.01290869651
0.01409832511
0.01952105121
0.01527610639
0.01649296284
0.01262084059
0.01582305297
0.01286664044
0.01742029997
0.01374682165
0.02079079356
0.01455233627
0.01577659119
0.01599723739
0.01611212533
0.01924730439
0.01669962931
0.01657831422
0.01544143566
0.01457943481
0.01675908994
0.01671017119
0.01786978631
0.0158704431
0.01296520194
0.01250483521
0.01714056931
0.01379195335
0.01520564588
0.01964115407
0.01371759103
0.0152611476
0.01613766037
0.01608317425
0.01998346324
0.01573080984
0.01408629478
0.01573995601
0.01731961836
0.01618019311
0.01627917099
0.01266123229
0.01368961194
0.01915964994
0.01656707374
0.01229193318
0.01734807372
0.01380183844
0.01346526846
0.01669608012
0.01330838554
0.01478346296
0.01578955766
0.01597824162
0.01256589586
0.01387222167
0.01351283095
0.01706535315
0.01587831823
0.0165956022
0.01580863495
0.01509554709
0.01385373604
0.01345808207
0.0116735376
0.0153381352
0.01323011759
0.01516662081
0.01294913193
0.01140478309
0.01305262564
0.01300419485
0.01260359576
0.01494291344
0.01545894451
0.01418574607
0.01589176134
0.01531518613
0.01374858479
0.01711372324
0.01967140735
0.01571746585
0.01488049801
0.01458185809
0.01479620434
0.01522951857